# Written 2026-09-19 after the London re-import. Do not edit: validation follows these cameras.
# Series B: cameras that only became mappable after the re-import (central London).
00001.01400
00001.01401
00001.02001
00001.02025
00001.02075
00001.02100
00001.02101
00001.02102
00001.02252
00001.02351
00001.02500
00001.03488
00001.03490
00001.03500
00001.03505
00001.03506
00001.03507
00001.03551
00001.03553
00001.03600
00001.03601
00001.03604
00001.03606
00001.03608
00001.03609
00001.03610
00001.03611
00001.03612
00001.03651
00001.03652
00001.03653
00001.03654
00001.03667
00001.03850
00001.04214
00001.04220
00001.04223
00001.04225
00001.04226
00001.04227
00001.04244
00001.04245
00001.04250
00001.04252
00001.04254
00001.04255
00001.04300
00001.04303
00001.04304
00001.04305
00001.04329
00001.04500
00001.04502
00001.04601
00001.04604
00001.04605
00001.04606
00001.04607
00001.04680
00001.06502
00001.06510
00001.06590
00001.06592
00001.07300
00001.07301
00001.07330
00001.07364
00001.07387
00001.07389
00001.07390
00001.07400
00001.07450
00001.07451
00001.07458
00001.07500
00001.07550
00001.07551
00001.07590
00001.07591
00001.07600
