# Written 2026-09-19 after the London re-import. Do not edit: validation follows these cameras.
# Series A: the original 92 mapped cameras (validation series since 16:12).
00001.01251
00001.01252
00001.01260
00001.01301
00001.01302
00001.01350
00001.01402
00001.01403
00001.01404
00001.01406
00001.01407
00001.01408
00001.01439
00001.01551
00001.02103
00001.02253
00001.02254
00001.03590
00001.03591
00001.04235
00001.04256
00001.04322
00001.04324
00001.04328
00001.06501
00001.06503
00001.06504
00001.06507
00001.06509
00001.06511
00001.06512
00001.06514
00001.06515
00001.06516
00001.06517
00001.06518
00001.06519
00001.06520
00001.06521
00001.06522
00001.06530
00001.06593
00001.06594
00001.06595
00001.07350
00001.07351
00001.07352
00001.07354
00001.07355
00001.07356
00001.07358
00001.07360
00001.07361
00001.07365
00001.07367
00001.07369
00001.07370
00001.07373
00001.07374
00001.07380
00001.07385
00001.07391
00001.07393
00001.07552
00001.07553
00001.07554
00001.07555
00001.08750
00001.08751
00001.08752
00001.08753
00001.08850
00001.08851
00001.08858
00001.08859
00001.08860
00001.08863
00001.08923
00001.08925
00001.08950
00001.09550
00001.09551
00001.09630
00001.09631
00001.09640
00001.09650
00001.09701
00001.09702
00001.09703
00001.09704
00001.09725
00001.09726
